99 43 32 115 92 62 136 81 90 75 140 
149 108 59 62 64 47 119 98 45 51 82 
131 92 97 111 14 48 18 138 87 90 99 
43 117 105 77 10 94 37 72 106 12 37 
113 15 104 101 98 140 141 63 99 102 53 
101 119 75 70 142 64 112 127 113 25 36 
73 107 14 102 148 91 80 97 110 46 114 
142 109 27 39 10 43 111 114 115 109 100 
100 67 97 115 78 12 84 87 57 81 18 
12 51 110 72 89 102 69 23 16 17 121 
91 42 46 34 35 102 26 150 58 118 49 

Max Element: 47
Min Element: 10
Range Area: 131
Counter: 47

99 43 32 115 92 62 136 81 90 75 140 
149 108 59 62 64 47 119 98 45 51 82 
131 92 97 111 14 48 18 138 87 90 99 
113 15 104 101 98 140 141 63 99 102 53 
101 119 75 70 142 64 112 127 113 25 36 
73 107 14 102 148 91 80 97 110 46 114 
142 109 27 39 10 43 111 114 115 109 100 
100 67 97 115 78 12 84 87 57 81 18 
12 51 110 72 89 102 69 23 16 17 121 
91 42 46 34 35 102 26 150 58 118 49 
Sorted shaded area array:
140 140 138 136 119 115 111 99 98 98 92 90 90 87 82 81 75 64 62 62 59 51 48 47 45 43 32 18 14 141 25 36 46 53 63 64 80 97 99 102 110 112 113 114 127 
